# Color procedural file C:\temp\random_bits
# 217 values
0 0.011764705882352941 0.0784313725490196 0.1568627450980392 1.0
1 0.01568627450980392 0.08235294117647059 0.16470588235294117 1.0
2 0.01568627450980392 0.08627450980392157 0.17254901960784313 1.0
3 0.01568627450980392 0.09803921568627451 0.18823529411764706 1.0
4 0.01568627450980392 0.10196078431372549 0.19607843137254902 1.0
5 0.01568627450980392 0.10588235294117647 0.2 1.0
6 0.01568627450980392 0.11372549019607843 0.21568627450980393 1.0
7 0.01568627450980392 0.11764705882352941 0.2235294117647059 1.0
8 0.01568627450980392 0.12156862745098039 0.23137254901960785 1.0
9 0.0196078431372549 0.12941176470588237 0.24705882352941178 1.0
10 0.0196078431372549 0.13333333333333333 0.2549019607843137 1.0
11 0.0196078431372549 0.1411764705882353 0.2627450980392157 1.0
12 0.0196078431372549 0.14901960784313725 0.2784313725490196 1.0
13 0.0196078431372549 0.15294117647058825 0.28627450980392155 1.0
14 0.0196078431372549 0.1607843137254902 0.30196078431372547 1.0
15 0.0196078431372549 0.16862745098039217 0.30980392156862746 1.0
16 0.0196078431372549 0.17254901960784313 0.3176470588235294 1.0
17 0.023529411764705882 0.1803921568627451 0.3333333333333333 1.0
18 0.023529411764705882 0.1843137254901961 0.3411764705882353 1.0
19 0.023529411764705882 0.19215686274509805 0.34901960784313724 1.0
20 0.023529411764705882 0.2 0.36470588235294116 1.0
21 0.023529411764705882 0.20392156862745098 0.37254901960784315 1.0
22 0.027450980392156862 0.21176470588235294 0.3803921568627451 1.0
23 0.027450980392156862 0.2196078431372549 0.396078431372549 1.0
24 0.027450980392156862 0.2235294117647059 0.403921568627451 1.0
25 0.027450980392156862 0.23137254901960785 0.4117647058823529 1.0
26 0.03137254901960784 0.23921568627450981 0.42745098039215684 1.0
27 0.03137254901960784 0.24313725490196078 0.43529411764705883 1.0
28 0.03529411764705882 0.2549019607843137 0.4470588235294118 1.0
29 0.0392156862745098 0.25882352941176473 0.4549019607843137 1.0
30 0.0392156862745098 0.2627450980392157 0.4627450980392157 1.0
31 0.043137254901960784 0.27450980392156865 0.4745098039215686 1.0
32 0.047058823529411764 0.2784313725490196 0.4823529411764706 1.0
33 0.047058823529411764 0.28627450980392155 0.48627450980392156 1.0
34 0.050980392156862744 0.29411764705882354 0.4980392156862745 1.0
35 0.054901960784313725 0.2980392156862745 0.5019607843137255 1.0
36 0.058823529411764705 0.3058823529411765 0.5098039215686274 1.0
37 0.06274509803921569 0.3137254901960784 0.5176470588235295 1.0
38 0.06666666666666667 0.3176470588235294 0.5254901960784314 1.0
39 0.07058823529411765 0.32941176470588235 0.5333333333333333 1.0
40 0.07450980392156863 0.3333333333333333 0.5372549019607843 1.0
41 0.0784313725490196 0.33725490196078434 0.5411764705882353 1.0
42 0.08235294117647059 0.34901960784313724 0.5450980392156862 1.0
43 0.08627450980392157 0.35294117647058826 0.5490196078431373 1.0
44 0.09019607843137255 0.3568627450980392 0.5529411764705883 1.0
45 0.09411764705882353 0.36470588235294116 0.5568627450980392 1.0
46 0.09803921568627451 0.37254901960784315 0.5568627450980392 1.0
47 0.10196078431372549 0.3764705882352941 0.5607843137254902 1.0
48 0.10980392156862745 0.3843137254901961 0.5647058823529412 1.0
49 0.10980392156862745 0.38823529411764707 0.5647058823529412 1.0
50 0.11372549019607843 0.39215686274509803 0.5647058823529412 1.0
51 0.12156862745098039 0.4 0.5647058823529412 1.0
52 0.12156862745098039 0.403921568627451 0.5686274509803921 1.0
53 0.12941176470588237 0.4117647058823529 0.5686274509803921 1.0
54 0.12941176470588237 0.4117647058823529 0.5686274509803921 1.0
55 0.13333333333333333 0.41568627450980394 0.5647058823529412 1.0
56 0.13725490196078433 0.4235294117647059 0.5647058823529412 1.0
57 0.1411764705882353 0.42745098039215684 0.5647058823529412 1.0
58 0.1411764705882353 0.42745098039215684 0.5647058823529412 1.0
59 0.14901960784313725 0.43529411764705883 0.5607843137254902 1.0
60 0.14901960784313725 0.4392156862745098 0.5607843137254902 1.0
61 0.15294117647058825 0.4392156862745098 0.5607843137254902 1.0
62 0.1568627450980392 0.4470588235294118 0.5568627450980392 1.0
63 0.1607843137254902 0.4470588235294118 0.5568627450980392 1.0
64 0.1607843137254902 0.45098039215686275 0.5568627450980392 1.0
65 0.16470588235294117 0.4549019607843137 0.5529411764705883 1.0
66 0.16862745098039217 0.4588235294117647 0.5529411764705883 1.0
67 0.17254901960784313 0.4627450980392157 0.5490196078431373 1.0
68 0.17254901960784313 0.4666666666666667 0.5490196078431373 1.0
69 0.17647058823529413 0.4666666666666667 0.5490196078431373 1.0
70 0.1803921568627451 0.47058823529411764 0.5450980392156862 1.0
71 0.1843137254901961 0.4745098039215686 0.5450980392156862 1.0
72 0.1843137254901961 0.4745098039215686 0.5411764705882353 1.0
73 0.18823529411764706 0.47843137254901963 0.5372549019607843 1.0
74 0.19215686274509805 0.4823529411764706 0.5372549019607843 1.0
75 0.19215686274509805 0.48627450980392156 0.5372549019607843 1.0
76 0.19607843137254902 0.49019607843137253 0.5333333333333333 1.0
77 0.2 0.49019607843137253 0.5333333333333333 1.0
78 0.20392156862745098 0.49411764705882355 0.5294117647058824 1.0
79 0.20784313725490197 0.4980392156862745 0.5294117647058824 1.0
80 0.20784313725490197 0.4980392156862745 0.5254901960784314 1.0
81 0.21176470588235294 0.5019607843137255 0.5254901960784314 1.0
82 0.21568627450980393 0.5058823529411764 0.5215686274509804 1.0
83 0.2196078431372549 0.5098039215686274 0.5215686274509804 1.0
84 0.2235294117647059 0.5137254901960784 0.5176470588235295 1.0
85 0.2235294117647059 0.5137254901960784 0.5176470588235295 1.0
86 0.22745098039215686 0.5176470588235295 0.5137254901960784 1.0
87 0.23137254901960785 0.5215686274509804 0.5137254901960784 1.0
88 0.23529411764705882 0.5215686274509804 0.5098039215686274 1.0
89 0.23529411764705882 0.5254901960784314 0.5098039215686274 1.0
90 0.23921568627450981 0.5294117647058824 0.5058823529411764 1.0
91 0.24313725490196078 0.5333333333333333 0.5058823529411764 1.0
92 0.24705882352941178 0.5372549019607843 0.5019607843137255 1.0
93 0.25098039215686274 0.5372549019607843 0.5019607843137255 1.0
94 0.2549019607843137 0.5411764705882353 0.4980392156862745 1.0
95 0.25882352941176473 0.5450980392156862 0.4980392156862745 1.0
96 0.2627450980392157 0.5490196078431373 0.49411764705882355 1.0
97 0.2627450980392157 0.5490196078431373 0.49411764705882355 1.0
98 0.27058823529411763 0.5568627450980392 0.49019607843137253 1.0
99 0.27058823529411763 0.5568627450980392 0.49019607843137253 1.0
100 0.27450980392156865 0.5607843137254902 0.48627450980392156 1.0
101 0.2784313725490196 0.5647058823529412 0.48627450980392156 1.0
102 0.2823529411764706 0.5686274509803921 0.4823529411764706 1.0
103 0.28627450980392155 0.5725490196078431 0.47843137254901963 1.0
104 0.2901960784313726 0.5725490196078431 0.47843137254901963 1.0
105 0.2901960784313726 0.5764705882352941 0.47843137254901963 1.0
106 0.2980392156862745 0.5803921568627451 0.4745098039215686 1.0
107 0.30196078431372547 0.5843137254901961 0.47058823529411764 1.0
108 0.3058823529411765 0.5882352941176471 0.47058823529411764 1.0
109 0.3058823529411765 0.5882352941176471 0.4666666666666667 1.0
110 0.30980392156862746 0.592156862745098 0.4666666666666667 1.0
111 0.3137254901960784 0.596078431372549 0.4627450980392157 1.0
112 0.3215686274509804 0.6 0.4588235294117647 1.0
113 0.3215686274509804 0.6039215686274509 0.4588235294117647 1.0
114 0.3254901960784314 0.6078431372549019 0.4549019607843137 1.0
115 0.32941176470588235 0.611764705882353 0.4549019607843137 1.0
116 0.3333333333333333 0.615686274509804 0.45098039215686275 1.0
117 0.33725490196078434 0.615686274509804 0.45098039215686275 1.0
118 0.3411764705882353 0.6196078431372549 0.4470588235294118 1.0
119 0.34509803921568627 0.6235294117647059 0.4470588235294118 1.0
120 0.34901960784313724 0.6274509803921569 0.44313725490196076 1.0
121 0.35294117647058826 0.6313725490196078 0.44313725490196076 1.0
122 0.3568627450980392 0.6352941176470588 0.4392156862745098 1.0
123 0.3607843137254902 0.6392156862745098 0.4392156862745098 1.0
124 0.36470588235294116 0.6392156862745098 0.43529411764705883 1.0
125 0.3686274509803922 0.6431372549019608 0.43529411764705883 1.0
126 0.37254901960784315 0.6470588235294118 0.43137254901960786 1.0
127 0.3764705882352941 0.6509803921568628 0.43137254901960786 1.0
128 0.3803921568627451 0.6549019607843137 0.42745098039215684 1.0
129 0.3843137254901961 0.6588235294117647 0.42745098039215684 1.0
130 0.38823529411764707 0.6627450980392157 0.4235294117647059 1.0
131 0.396078431372549 0.6666666666666666 0.4235294117647059 1.0
132 0.4 0.6705882352941176 0.4196078431372549 1.0
133 0.403921568627451 0.6745098039215687 0.4196078431372549 1.0
134 0.40784313725490196 0.6784313725490196 0.41568627450980394 1.0
135 0.41568627450980394 0.6823529411764706 0.41568627450980394 1.0
136 0.4196078431372549 0.6862745098039216 0.4117647058823529 1.0
137 0.4235294117647059 0.6901960784313725 0.4117647058823529 1.0
138 0.43137254901960786 0.6941176470588235 0.4117647058823529 1.0
139 0.43529411764705883 0.6980392156862745 0.40784313725490196 1.0
140 0.44313725490196076 0.7019607843137254 0.40784313725490196 1.0
141 0.4470588235294118 0.7098039215686275 0.40784313725490196 1.0
142 0.4549019607843137 0.7137254901960784 0.40784313725490196 1.0
143 0.4588235294117647 0.7176470588235294 0.403921568627451 1.0
143 0.4588235294117647 0.7176470588235294 0.403921568627451 1.0
145 0.4666666666666667 0.7215686274509804 0.403921568627451 1.0
146 0.4745098039215686 0.7254901960784313 0.403921568627451 1.0
147 0.4823529411764706 0.7294117647058823 0.403921568627451 1.0
148 0.49019607843137253 0.7372549019607844 0.403921568627451 1.0
149 0.49411764705882355 0.7411764705882353 0.403921568627451 1.0
150 0.5019607843137255 0.7450980392156863 0.40784313725490196 1.0
150 0.5019607843137255 0.7450980392156863 0.40784313725490196 1.0
152 0.5098039215686274 0.7490196078431373 0.40784313725490196 1.0
153 0.5215686274509804 0.7529411764705882 0.40784313725490196 1.0
154 0.5294117647058824 0.7607843137254902 0.4117647058823529 1.0
155 0.5372549019607843 0.7647058823529411 0.4117647058823529 1.0
156 0.5450980392156862 0.7686274509803922 0.41568627450980394 1.0
156 0.5450980392156862 0.7686274509803922 0.41568627450980394 1.0
158 0.5529411764705883 0.7725490196078432 0.4196078431372549 1.0
159 0.5647058823529412 0.7803921568627451 0.4235294117647059 1.0
160 0.5725490196078431 0.7843137254901961 0.4235294117647059 1.0
161 0.5843137254901961 0.788235294117647 0.43137254901960786 1.0
161 0.5843137254901961 0.788235294117647 0.43137254901960786 1.0
163 0.592156862745098 0.792156862745098 0.43529411764705883 1.0
164 0.6039215686274509 0.796078431372549 0.4392156862745098 1.0
165 0.611764705882353 0.803921568627451 0.44313725490196076 1.0
165 0.611764705882353 0.803921568627451 0.44313725490196076 1.0
167 0.6235294117647059 0.807843137254902 0.45098039215686275 1.0
168 0.6313725490196078 0.8117647058823529 0.4549019607843137 1.0
169 0.6431372549019608 0.8156862745098039 0.4627450980392157 1.0
170 0.6509803921568628 0.8196078431372549 0.4666666666666667 1.0
170 0.6509803921568628 0.8196078431372549 0.4666666666666667 1.0
172 0.6627450980392157 0.8235294117647058 0.4745098039215686 1.0
173 0.6705882352941176 0.8274509803921568 0.4823529411764706 1.0
173 0.6705882352941176 0.8274509803921568 0.4823529411764706 1.0
175 0.6823529411764706 0.8313725490196079 0.49019607843137253 1.0
176 0.6901960784313725 0.8352941176470589 0.49411764705882355 1.0
177 0.7019607843137254 0.8392156862745098 0.5019607843137255 1.0
177 0.7019607843137254 0.8392156862745098 0.5019607843137255 1.0
179 0.7098039215686275 0.8431372549019608 0.5098039215686274 1.0
180 0.7176470588235294 0.8470588235294118 0.5176470588235295 1.0
180 0.7176470588235294 0.8470588235294118 0.5176470588235295 1.0
182 0.7294117647058823 0.8509803921568627 0.5254901960784314 1.0
183 0.7372549019607844 0.8549019607843137 0.5372549019607843 1.0
184 0.7450980392156863 0.8588235294117647 0.5450980392156862 1.0
184 0.7450980392156863 0.8588235294117647 0.5450980392156862 1.0
186 0.7529411764705882 0.8627450980392157 0.5529411764705883 1.0
187 0.7647058823529411 0.8666666666666667 0.5607843137254902 1.0
187 0.7647058823529411 0.8666666666666667 0.5607843137254902 1.0
189 0.7725490196078432 0.8705882352941177 0.5686274509803921 1.0
190 0.7803921568627451 0.8705882352941177 0.5764705882352941 1.0
190 0.7803921568627451 0.8705882352941177 0.5764705882352941 1.0
192 0.788235294117647 0.8745098039215686 0.5882352941176471 1.0
193 0.796078431372549 0.8784313725490196 0.596078431372549 1.0
193 0.796078431372549 0.8784313725490196 0.596078431372549 1.0
195 0.803921568627451 0.8823529411764706 0.6039215686274509 1.0
196 0.8117647058823529 0.8823529411764706 0.611764705882353 1.0
196 0.8117647058823529 0.8823529411764706 0.611764705882353 1.0
198 0.8196078431372549 0.8862745098039215 0.6196078431372549 1.0
199 0.8274509803921568 0.8901960784313725 0.6313725490196078 1.0
199 0.8274509803921568 0.8901960784313725 0.6313725490196078 1.0
201 0.8313725490196079 0.8901960784313725 0.6392156862745098 1.0
201 0.8313725490196079 0.8901960784313725 0.6392156862745098 1.0
203 0.8392156862745098 0.8941176470588236 0.6470588235294118 1.0
204 0.8470588235294118 0.8980392156862745 0.6549019607843137 1.0
204 0.8470588235294118 0.8980392156862745 0.6549019607843137 1.0
206 0.8549019607843137 0.8980392156862745 0.6627450980392157 1.0
207 0.8588235294117647 0.9019607843137255 0.6705882352941176 1.0
207 0.8588235294117647 0.9019607843137255 0.6705882352941176 1.0
209 0.8666666666666667 0.9058823529411765 0.6784313725490196 1.0
209 0.8666666666666667 0.9058823529411765 0.6784313725490196 1.0
211 0.8705882352941177 0.9058823529411765 0.6862745098039216 1.0
212 0.8784313725490196 0.9098039215686274 0.6941176470588235 1.0
212 0.8784313725490196 0.9098039215686274 0.6941176470588235 1.0
214 0.8823529411764706 0.9137254901960784 0.7019607843137254 1.0
214 0.8823529411764706 0.9137254901960784 0.7019607843137254 1.0
216 0.8901960784313725 0.9137254901960784 0.7098039215686275 1.0
217 0.8941176470588236 0.9176470588235294 0.7176470588235294 1.0
217 0.8941176470588236 0.9176470588235294 0.7176470588235294 1.0
219 0.9019607843137255 0.9176470588235294 0.7254901960784313 1.0
219 0.9019607843137255 0.9176470588235294 0.7254901960784313 1.0
221 0.9058823529411765 0.9215686274509803 0.7333333333333333 1.0
221 0.9058823529411765 0.9215686274509803 0.7333333333333333 1.0
223 0.9098039215686274 0.9215686274509803 0.7411764705882353 1.0
224 0.9176470588235294 0.9254901960784314 0.7490196078431373 1.0
224 0.9176470588235294 0.9254901960784314 0.7490196078431373 1.0
226 0.9215686274509803 0.9294117647058824 0.7568627450980392 1.0
226 0.9215686274509803 0.9294117647058824 0.7568627450980392 1.0
228 0.9254901960784314 0.9294117647058824 0.7647058823529411 1.0
228 0.9254901960784314 0.9294117647058824 0.7647058823529411 1.0
230 0.9294117647058824 0.9333333333333333 0.7686274509803922 1.0
230 0.9294117647058824 0.9333333333333333 0.7686274509803922 1.0
232 0.9372549019607843 0.9333333333333333 0.7764705882352941 1.0
233 0.9411764705882353 0.9372549019607843 0.7843137254901961 1.0
233 0.9411764705882353 0.9372549019607843 0.7843137254901961 1.0
235 0.9450980392156862 0.9372549019607843 0.788235294117647 1.0
235 0.9450980392156862 0.9372549019607843 0.788235294117647 1.0
237 0.9490196078431372 0.9411764705882353 0.796078431372549 1.0
237 0.9490196078431372 0.9411764705882353 0.796078431372549 1.0
239 0.9529411764705882 0.9411764705882353 0.803921568627451 1.0
239 0.9529411764705882 0.9411764705882353 0.803921568627451 1.0
241 0.9568627450980393 0.9450980392156862 0.807843137254902 1.0
241 0.9568627450980393 0.9450980392156862 0.807843137254902 1.0
243 0.9607843137254902 0.9450980392156862 0.8156862745098039 1.0
243 0.9607843137254902 0.9450980392156862 0.8156862745098039 1.0
245 0.9647058823529412 0.9490196078431372 0.8196078431372549 1.0
245 0.9647058823529412 0.9490196078431372 0.8196078431372549 1.0
247 0.9686274509803922 0.9490196078431372 0.8274509803921568 1.0
247 0.9686274509803922 0.9490196078431372 0.8274509803921568 1.0
249 0.9725490196078431 0.9529411764705882 0.8313725490196079 1.0
249 0.9725490196078431 0.9529411764705882 0.8313725490196079 1.0
251 0.9764705882352941 0.9529411764705882 0.8392156862745098 1.0
251 0.9764705882352941 0.9529411764705882 0.8392156862745098 1.0
253 0.9803921568627451 0.9529411764705882 0.8431372549019608 1.0
254 0.984313725490196 0.9568627450980393 0.8470588235294118 1.0
254 0.984313725490196 0.9568627450980393 0.8470588235294118 1.0
